247,2
247,1
247,0
246,4
246,3
246,2
246,1
246,0
245,4
245,3
245,2
245,1
245,0
244,6
244,5
244,4
244,3
244,2
244,1
244,0
243,9
243,8
243,7
243,6
243,5
243,4
243,3
243,2
243,1
243,0
242,4
242,3
242,2
242,1
293,3
242,0
241,5
241,4
241,3
241,2
241,1
241,0
4,3
2,72
2,71
2,70
2,69
2,68
2,67
2,66
2,65
2,64
2,36
2,35
2,34
2,33
2,32
2,31
2,30
2,29
2,28
2,27
2,26
2,25
2,23
2,22
2,21
2,19
2,18
2,17
2,16
2,15
2,14
2,13
2,12
2,11
2,10
2,9
2,8
2,7
2,5
2,4
2,3
1,5
1,4
1,3
0,613
0,558
0,557
0,553
0,529
0,516
0,505
0,503
0,484
0,465
0,460
0,457
0,454
0,453
0,412
0,351
0,243
0,0
0,9
0,1
0,382
0,488
0,458
0,554
0,552
0,338
0,300
0,425
0,299
0,433
0,298
0,414
0,297
0,325
0,296
0,324
0,295
0,385
0,294
0,343
0,293
0,335
0,292
0,291
0,424
0,290
0,384
0,289
0,337
0,288
0,435
0,287
0,426
0,286
0,383
0,285
0,401
0,284
0,472
0,283
0,361
0,282
0,360
0,281
0,463
0,280
0,369
0,279
0,432
0,278
0,277
0,482
0,276
0,368
0,275
0,336
0,274
0,468
0,273
0,340
0,272
0,441
0,271
0,359
0,270
0,353
0,269
247,3
248,0
248,2
248,3
249,1
249,3
250,1
250,3
251,0
251,3
251,4
252,0
252,3
252,4
254,0
254,2
254,4
254,5
255,2
255,4
255,5
256,1
256,3
256,5
256,7
256,8
256,10
256,11
257,1
257,2
257,4
258,0
258,2
259,1
259,2
260,2
261,0
261,1
262,1
262,2
263,1
263,3
263,6
263,9
263,11
263,13
264,0
264,3
266,2
266,3
266,6
266,8
267,1
268,0
268,2
268,5
269,1
270,0
270,1
271,1
272,0
272,1
273,1
273,2
274,1
275,1
275,2
276,1
276,3
276,5
276,6
276,8
277,1
277,2
277,4
277,5
278,1
278,4
280,0
280,3
281,0
281,3
282,0
282,3
283,1
283,2
284,1
284,2
285,0
285,3
286,0
286,3
286,4
287,2
288,2
288,3
289,1
289,3
289,5
289,6
289,8
290,1
290,3
290,6
291,0
291,3
292,3
293,0
293,4
293,5
294,0
294,1
295,0
295,3
295,4
295,6
295,7
296,2
297,1
297,3
298,2
298,3
299,1
299,3
300,0
300,3
300,4
301,1
301,2
301,4
302,2
302,3
303,0
303,2
304,1
304,2
304,4
305,2
305,3
305,5
305,6
305,9
306,2
306,3
307,0
307,2
307,4
308,1
308,2
309,1
309,2
310,1
310,3
310,6
310,9
313,1
314,0
314,2
315,1
316,0
316,2
316,5
316,6
317,2
317,3
317,6
318,2
318,3
319,2
319,3
320,1
321,1
321,2
322,0
322,2
322,4
324,0
324,3
325,0
325,2
326,0
326,1
327,1
327,3
328,0
328,3
329,0
329,3
330,2
330,3
331,1
331,3
332,1
332,2
332,4
333,2
333,3
333,5
334,0
334,2
334,4
334,5
334,7
334,8
334,10
334,11
334,13
334,15
334,16
335,1
335,3
336,1
336,3
336,4
336,6
337,0
337,3
337,5
342,1
343,1
343,2
344,0
344,1
344,4
345,0
345,1
345,3
345,4
345,6
345,7
346,0
346,3
347,0
347,3
348,1
348,3
349,1
349,3
350,1
350,3
351,2
351,5
351,7
352,2
352,3
353,2
353,3
354,1
354,3
354,4
355,1
355,3
355,5
356,1
356,3
357,2
358,0
358,3
359,0
359,3
360,0
360,2
361,1
361,2
362,0
362,3
362,4
363,1
363,3
364,0
364,1
365,0
365,4
365,5
366,1
366,3
367,0
367,3
367,4
367,6
367,8
368,2
368,5
369,1
369,4
369,6
370,2
370,3
371,2
371,5
372,0
372,4
373,0
373,3
374,2
375,0
375,3
376,0
376,3
376,5
377,2
378,1
378,2
379,2
379,3
380,2
381,0
381,1
382,0
382,2
383,0
383,1
383,3
384,1
384,2
384,4
384,5
384,7
384,9
384,10
384,12
384,13
384,15
386,0
386,1
386,3
386,4
387,0
387,1
387,3
388,0
388,1
388,3
404,0
404,2
405,0
405,1
405,3
406,0
406,2
406,3
407,1
407,3
408,0
408,2
408,3
409,0
409,2
409,3
410,0
410,1
410,3
411,0
411,2
412,0
412,1
412,3
413,0
413,2
414,0
414,1
414,3
414,4
415,1
415,2
416,0
416,2
416,3
417,0
417,1
417,3
418,1
418,2
418,4
419,0
419,2
419,4
420,0
420,2
420,3
421,0
421,1
421,3
422,1
422,2
422,4
423,0
423,2
423,4
423,5
424,0
424,1
424,3
425,0
425,2
428,0
428,1
428,3
428,4
429,1
429,3
429,4
430,1
430,2
431,0
431,1
431,3
431,5
431,6
431,8
435,0
435,2
436,0
436,1
436,3
437,0
437,2
438,0
438,1
438,3
439,0
439,2
439,3
440,0
440,2
440,3
441,1
441,2
442,0
442,2
442,3
443,0
443,1
443,3
443,4
443,6
445,1
445,2
445,4
445,5
446,0
446,2
446,3
446,5
447,0
447,2
447,3
448,1
448,3
449,0
449,2
449,3
450,1
450,3
450,4
451,0
451,1
451,3
451,4
452,1
452,3
452,4
453,0
453,1
453,3
454,0
454,1
454,3
455,0
455,2
456,0
456,1
456,3
456,4
456,6
457,0
457,2
458,0
458,1
458,3
458,4
459,1
459,3
459,4
460,0
460,1
460,3
460,4
461,0
461,2
461,3
462,1
462,2
462,4
464,0
464,1
464,3
464,4
465,0
465,1
465,3
466,1
466,2
466,4
467,0
467,2
467,4
468,0
468,2
468,3
468,5
468,7
469,0
469,2
469,3
470,1
470,2
470,4
474,1
474,2
475,0
475,1
475,3
476,1
476,2
477,0
477,1
477,3
478,0
478,2
479,0
479,1
479,3
479,4
480,1
480,3
480,4
480,6
481,0
481,2
481,3
482,1
482,3
482,4
483,1
483,2
484,0
484,2
484,3
485,0
485,1
485,3
485,4
486,1
486,3
487,0
487,2
487,3
488,1
488,3
489,0
489,2
489,3
490,1
490,3
491,0
491,2
491,3
508,1
508,2
509,0
509,2
509,3
510,1
510,2
511,0
511,2
511,3
512,1
512,2
513,0
513,1
513,3
514,1
514,2
514,4
515,0
515,2
515,4
516,0
516,2
516,3
518,1
518,2
519,0
519,2
519,3
519,5
519,6
520,0
520,2
520,3
520,5
520,6
521,0
521,2
521,3
522,1
522,2
523,0
523,1
523,3
524,1
524,2
525,0
525,1
525,3
526,1
526,2
527,0
527,1
527,3
528,0
528,2
528,4
528,5
529,1
529,2
530,0
530,2
530,3
531,1
531,2
531,4
532,0
532,2
532,4
534,0
534,2
534,3
535,1
535,3
536,0
536,2
536,3
539,0
539,2
539,3
541,1
541,2
541,4
545,0
545,2
545,4
545,5
547,1
547,2
548,0
548,2
548,3
549,1
549,2
550,0
550,1
550,3
551,1
551,2
552,0
552,1
552,3
554,1
554,2
554,4
554,5
555,0
555,1
555,3
666,0
666,1
666,3
666,4
666,6
666,8
666,9
666,11
667,0
667,2
667,3
667,5
668,0
668,1
668,3
668,4
669,0
669,2
669,3
669,5
669,6
670,0
670,2
670,3
670,5
671,0
671,2
671,3
671,5
672,1
672,2
672,4
672,5
673,0
673,2
673,3
674,0
674,1
674,3
674,4
675,0
675,2
675,3
675,5
675,6
675,8
675,10
675,11
675,13
676,0
676,2
676,3
677,0
677,2
677,3
678,1
678,2
678,4
679,0
679,1
679,3
680,0
680,2
681,0
681,1
681,3
682,0
682,2
682,3
683,1
683,3
683,4
684,1
684,2
684,4
685,0
685,1
685,3
685,4
686,1
686,2
686,4
686,6
687,0
687,2
687,3
687,5
687,7
687,8
688,1
688,2
688,4
688,5
689,1
689,3
689,4
690,0
690,1
690,3
691,0
691,1
691,3
691,4
691,6
692,0
692,2
692,4
693,0
693,2
693,3
693,5
693,7
693,8
694,1
694,2
694,4
695,1
695,2
695,4
696,0
696,2
696,3
697,0
697,2
697,3
721,0
721,1
721,3
722,1
722,2
722,4
722,5
723,1
723,2
723,3
723,0
722,3
722,0
721,2
697,4
697,1
696,4
696,1
695,3
695,0
694,3
694,0
693,6
693,4
693,1
692,3
692,1
691,5
691,2
690,4
690,2
689,5
689,2
689,0
688,3
688,0
687,6
687,4
687,1
686,5
686,3
686,0
685,2
684,5
684,3
684,0
683,2
683,0
682,1
681,2
680,3
680,1
679,2
678,5
678,3
678,0
677,1
676,4
676,1
675,12
675,9
675,7
675,4
675,1
674,5
674,2
673,4
673,1
672,6
672,3
672,0
671,4
671,1
670,4
670,1
669,7
669,4
669,1
668,5
668,2
667,6
667,4
667,1
666,10
666,7
666,5
666,2
555,4
555,2
554,6
554,3
554,0
552,2
551,3
551,0
550,2
549,3
549,0
548,1
547,3
547,0
545,3
545,1
541,3
541,0
539,1
536,4
536,1
535,2
535,0
534,1
532,3
532,1
531,3
531,0
530,1
529,3
529,0
528,3
528,1
527,2
526,3
526,0
525,2
524,3
524,0
523,2
522,3
522,0
521,1
520,7
520,4
520,1
519,7
519,4
519,1
518,3
518,0
516,1
515,3
515,1
514,3
514,0
513,2
512,3
512,0
511,1
510,3
510,0
509,1
508,3
508,0
491,1
490,2
490,0
489,1
488,2
488,0
487,1
486,2
486,0
485,2
484,4
484,1
483,3
483,0
482,2
482,0
481,1
480,5
480,2
480,0
479,2
478,3
478,1
477,2
476,3
476,0
475,2
474,3
474,0
470,3
470,0
469,1
468,6
468,4
468,1
467,3
467,1
466,3
466,0
465,2
464,5
464,2
462,5
462,3
462,0
461,1
460,5
460,2
459,5
459,2
459,0
458,2
457,3
457,1
456,5
456,2
455,3
455,1
454,2
453,4
453,2
452,5
452,2
452,0
451,2
450,5
450,2
450,0
449,1
448,2
448,0
447,1
446,4
446,1
445,6
445,3
445,0
443,5
443,2
442,4
442,1
441,3
441,0
440,1
439,4
439,1
438,2
437,3
437,1
436,2
435,3
435,1
431,7
431,4
431,2
430,3
430,0
429,2
429,0
428,2
425,3
425,1
424,2
423,6
423,3
423,1
422,3
422,0
421,2
420,4
420,1
419,3
419,1
418,3
418,0
417,2
416,4
416,1
415,3
415,0
414,2
413,3
413,1
412,2
411,3
411,1
410,2
409,4
409,1
408,4
408,1
407,2
407,0
406,1
405,2
404,3
404,1
388,2
387,4
387,2
386,5
386,2
384,16
384,14
384,11
384,8
384,6
384,3
384,0
383,2
382,3
381,3
380,4
380,1
379,0
377,3
377,0
376,1
375,2
374,1
373,2
372,2
371,3
371,0
370,0
369,3
368,4
368,1
367,5
367,2
366,4
366,0
365,2
364,3
363,4
363,0
362,2
361,3
360,3
359,4
359,2
358,1
357,1
356,0
355,4
354,5
354,2
353,4
353,1
352,0
351,3
351,0
349,4
349,0
348,2
347,1
346,2
345,8
345,5
345,2
344,5
344,3
343,3
342,3
342,0
337,2
336,5
336,2
335,4
334,17
334,14
334,12
334,9
334,6
334,3
334,1
333,4
333,1
332,3
331,4
331,0
330,0
329,1
328,1
327,2
326,3
325,3
324,4
324,2
322,3
321,4
320,3
320,0
319,0
318,1
317,5
317,0
316,3
315,2
314,3
313,2
310,8
310,4
310,0
308,4
307,5
307,3
306,5
306,0
305,7
305,4
305,1
304,3
303,3
302,4
302,0
301,3
300,5
300,2
299,5
299,0
298,0
296,3
296,0
295,5
295,2
294,3
293,6
293,2
292,1
291,2
290,4
289,9
289,7
289,4
289,0
288,0
287,1
286,1
285,2
284,4
283,4
282,4
282,1
281,2
280,1
278,3
278,0
277,3
276,9
276,7
276,4
276,0
274,3
274,0
272,3
271,2
270,3
269,2
268,4
267,3
267,0
266,5
266,0
264,2
263,12
263,8
263,5
263,0
261,3
260,3
260,0
258,3
257,6
257,3
256,12
256,9
256,6
256,4
256,0
255,3
255,1
254,3
252,5
252,2
251,5
251,2
250,2
249,4
249,0
248,1
0,459
0,268
0,410
0,267
0,393
0,266
0,350
0,265
0,373
0,264
0,619
0,263
0,330
0,262
0,386
0,261
0,308
0,260
0,449
0,259
0,258
0,342
0,257
0,511
0,256
0,440
0,255
0,405
0,254
0,357
0,253
0,332
0,252
0,439
0,251
0,400
0,250
0,381
0,249
0,399
0,248
0,392
0,247
0,246
0,380
0,245
0,323
0,244
0,490
0,242
0,398
0,241
0,376
0,240
0,346
0,239
0,632
0,238
0,397
0,237
0,322
0,236
0,367
0,235
0,321
0,234
0,396
0,233
0,395
0,232
0,301
0,231
0,493
0,230
0,366
0,229
0,409
0,228
0,508
0,227
0,496
0,226
0,365
0,225
0,327
0,224
0,326
0,223
0,639
0,222
0,420
0,221
0,431
0,220
0,375
0,219
0,329
0,218
0,370
0,217
0,391
0,216
0,419
0,215
0,492
0,214
0,418
0,213
0,339
0,212
0,547
0,211
0,500
0,210
0,417
0,209
0,423
0,208
0,464
0,207
0,430
0,206
0,390
0,205
0,422
0,204
0,389
0,203
0,416
0,202
0,404
0,201
0,456
0,200
0,474
0,199
0,623
0,198
0,364
0,197
0,403
0,196
0,377
0,195
0,455
0,194
0,388
0,193
0,387
0,192
0,429
0,63
0,489
0,62
0,442
0,61
0,437
0,60
0,434
0,59
0,428
0,58
0,408
0,57
0,427
0,56
0,344
0,55
0,355
0,54
0,415
0,53
0,402
0,52
0,436
0,51
0,438
0,50
0,413
0,49
0,320
0,48
0,421
0,47
0,411
0,46
0,407
0,45
0,406
0,6
0,5
0,304
0,303
0,306
0,305
0,302
0,447
0,12
0,451
0,10
0,510
0,8
0,452
0,11
0,4
0,2
0,3
0,7
